function color_mat = PlotColor()
%UNTITLED14 此处显示有关此函数的摘要
%   此处显示详细说明
color_mat = [1 0 0;...
             0 1 0;...
             0 0 1;...
             1 1 0;...
             1 0 1;...
             0 1 1;...
             0 0 0;...
             1 0 0;...
             0 1 0;...
             0 0 1;...
             1 1 0;...
             1 0 1;...
             0 1 1;...
             0 0 0;...
             1 0 0;...
             0 1 0;...
             0 0 1;...
             1 1 0;...
             1 0 1;...
             0 1 1;...
             0 0 0;...
             1 0 0;...
             0 1 0;...
             0 0 1;...
             1 1 0;...
             1 0 1;...
             0 1 1;...
             0 0 0;...
             1 0 0;...
             0 1 0;...
             0 0 1;...
             1 1 0;...
             1 0 1;...
             0 1 1;...
             0 0 0];

end

